name: fast_clicking_env
channels:
  - conda-forge
  - defaults
dependencies:
  - bzip2=1.0.8=h2bbff1b_6
  - ca-certificates=2024.12.31=haa95532_0
  - freetype=2.12.1=hdaf720e_2
  - lcms2=2.16=h67d730c_0
  - lerc=4.0.0=h63175ca_0
  - libdeflate=1.20=hcfcfb64_0
  - libffi=3.4.4=hd77b12b_1
  - libjpeg-turbo=3.0.0=hcfcfb64_1
  - libpng=1.6.43=h19919ed_0
  - libtiff=4.6.0=hddb2be6_3
  - libwebp-base=1.5.0=h3b0e114_0
  - libxcb=1.15=hcd874cb_0
  - libzlib=1.2.13=h2466b09_6
  - m2w64-gcc-libgfortran=5.3.0=6
  - m2w64-gcc-libs=5.3.0=7
  - m2w64-gcc-libs-core=5.3.0=7
  - m2w64-gmp=6.1.0=2
  - m2w64-libwinpthread-git=5.0.0.4634.697f757=2
  - mouseinfo=0.1.3=pyhd8ed1ab_1
  - msys2-conda-epoch=20160418=1
  - openjpeg=2.5.2=h3d672ee_0
  - openssl=3.4.0=ha4e3fda_1
  - pillow=10.3.0=py311h6819b35_0
  - pip=24.2=py311haa95532_0
  - pthread-stubs=0.4=hcd874cb_1001
  - pyautogui=0.9.54=py311h1ea47a8_3
  - pygetwindow=0.0.9=py311h1ea47a8_3
  - pymsgbox=1.0.9=pyhd8ed1ab_3
  - pyperclip=1.9.0=pyh7428d3b_3
  - pyrect=0.2.0=pyhd8ed1ab_1
  - pyscreeze=1.0.1=pyhff2d567_0
  - python=3.11.11=h4607a30_0
  - python-xlib=0.33=pyhff2d567_1
  - python_abi=3.11=2_cp311
  - pytweening=1.2.0=pyhd8ed1ab_1
  - pytz=2024.2=pyhd8ed1ab_1
  - rubicon-objc=0.4.9=pyhd8ed1ab_1
  - setuptools=75.1.0=py311haa95532_0
  - six=1.17.0=pyhd8ed1ab_0
  - sqlite=3.45.3=h2bbff1b_0
  - termcolor=2.5.0=pyhd8ed1ab_1
  - tk=8.6.14=h0416ee5_0
  - tzdata=2024b=h04d1e81_0
  - ucrt=10.0.22621.0=h57928b3_1
  - vc=14.40=haa95532_2
  - vc14_runtime=14.42.34433=he29a5d6_23
  - vs2015_runtime=14.42.34433=hdffcdeb_23
  - wheel=0.44.0=py311haa95532_0
  - xorg-libxau=1.0.11=hcd874cb_0
  - xorg-libxdmcp=1.1.3=hcd874cb_0
  - xz=5.4.6=h8cc25b3_1
  - zlib=1.2.13=h2466b09_6
  - zstd=1.5.6=h0ea2cb4_0
prefix: C:\Users\alipe\miniconda3\envs\fast_clicking_env
